&cyl_params
ar=1.,
kz=0.5,
gamma=1.6666666666666666666666,  !5/3
mt=1,
rho0=20.,
eps=0.0,
homo=.false.,
equilib=2, 
Bz0=.020,
Bt0=1.20,
Vz0=0.00, 
epsVz=0,
Vp0=0.,
lambd=2.,
P0=0.05,
P1=0.0,
s2=0.083333333333333333333333333333333 !1./12.
/
