&cyl_params
ar=1.,
kz=0.5,
gamma=1.6666666666666666666666,  !5/3
mt=1,
rho0=2.,
eps=0.01,
homo=.false., 
Bz0=20,
Bt0=0.0,
Vz0=0., 
s2=0.083333333333333333333333333333333 !1./12.
/
