&cyl_params
ar=1.0,
kz=0.5,
gamma=1.6666666666666666666666,  !5/3
mt=1,
rho0=1.0,
eps=0.0,
homo=.false.,
Bz0=1.0,
Bt0=.032,
Vz0=0.00, 
epsVz=0,
Vp0=0.,
lambd=2.,
P0=0.05,
P1=0.0,
s2=0.083333333333333333333333333333333 !1./12.,
N=20,
nz = 1
/
